0.2 3 0.2 1200
0.2 3 0.2 1600
0.2 3 0.2 1800
0.2 3 0.4 1200
0.2 3 0.4 1600
0.2 3 0.4 1800
0.2 3 0.6 1200
0.2 3 0.6 1600
0.2 3 0.6 1800
0.2 4 0.2 1200
0.2 4 0.2 1600
0.2 4 0.2 1800
0.2 4 0.4 1200
0.2 4 0.4 1600
0.2 4 0.4 1800
0.2 4 0.6 1200
0.2 4 0.6 1600
0.2 4 0.6 1800
0.2 5 0.2 1200
0.2 5 0.2 1600
0.2 5 0.2 1800
0.2 5 0.4 1200
0.2 5 0.4 1600
0.2 5 0.4 1800
0.2 5 0.6 1200
0.2 5 0.6 1600
0.2 5 0.6 1800
0.2 6 0.2 1200
0.2 6 0.2 1600
0.2 6 0.2 1800
0.2 6 0.4 1200
0.2 6 0.4 1600
0.2 6 0.4 1800
0.2 6 0.6 1200
0.2 6 0.6 1600
0.2 6 0.6 1800
0.4 3 0.2 1200
0.4 3 0.2 1600
0.4 3 0.2 1800
0.4 3 0.4 1200
0.4 3 0.4 1600
0.4 3 0.4 1800
0.4 3 0.6 1200
0.4 3 0.6 1600
0.4 3 0.6 1800
0.4 4 0.2 1200
0.4 4 0.2 1600
0.4 4 0.2 1800
0.4 4 0.4 1200
0.4 4 0.4 1600
0.4 4 0.4 1800
0.4 4 0.6 1200
0.4 4 0.6 1600
0.4 4 0.6 1800
0.4 5 0.2 1200
0.4 5 0.2 1600
0.4 5 0.2 1800
0.4 5 0.4 1200
0.4 5 0.4 1600
0.4 5 0.4 1800
0.4 5 0.6 1200
0.4 5 0.6 1600
0.4 5 0.6 1800
0.4 6 0.2 1200
0.4 6 0.2 1600
0.4 6 0.2 1800
0.4 6 0.4 1200
0.4 6 0.4 1600
0.4 6 0.4 1800
0.4 6 0.6 1200
0.4 6 0.6 1600
0.4 6 0.6 1800
0.6 3 0.2 1200
0.6 3 0.2 1600
0.6 3 0.2 1800
0.6 3 0.4 1200
0.6 3 0.4 1600
0.6 3 0.4 1800
0.6 3 0.6 1200
0.6 3 0.6 1600
0.6 3 0.6 1800
0.6 4 0.2 1200
0.6 4 0.2 1600
0.6 4 0.2 1800
0.6 4 0.4 1200
0.6 4 0.4 1600
0.6 4 0.4 1800
0.6 4 0.6 1200
0.6 4 0.6 1600
0.6 4 0.6 1800
0.6 5 0.2 1200
0.6 5 0.2 1600
0.6 5 0.2 1800
0.6 5 0.4 1200
0.6 5 0.4 1600
0.6 5 0.4 1800
0.6 5 0.6 1200
0.6 5 0.6 1600
0.6 5 0.6 1800
0.6 6 0.2 1200
0.6 6 0.2 1600
0.6 6 0.2 1800
0.6 6 0.4 1200
0.6 6 0.4 1600
0.6 6 0.4 1800
0.6 6 0.6 1200
0.6 6 0.6 1600
0.6 6 0.6 1800
